[Kocuria_rosea]_50779305;100.0;47.108919766920664;45.41426672574214;68.37209302325581;50.34674063800277;70.30841610036592;51.850117096018735;50.8364312267658;58.92682926829268;53.589863913655556;50.48543689320388;54.976303317535546;68.30403309203723;68.39110191412313;55.20684736091298;54.52369554810914;66.78589678078693;73.11370882040382;71.45110410094637;58.53184248906174;67.3521850899743;45.594215996384996;42.76315789473684;57.43145743145743;56.77884615384615;70.59748427672956;53.03815355628827;70.75471698113208;71.22567069963178;56.597390043499274;75.5901287553648;60.019646365422396;69.35483870967742;54.68306527909177;68.89580093312597;51.77902621722846;55.68345323741008;52.192362093352195;63.841524573721166;49.72451790633609;53.25471698113208;70.8442579968537;59.08203125;69.17879417879418;53.04676428908833;71.11344537815127;43.00310972900933;52.23463687150838;68.28512396694215;51.11524163568774;59.34281510544385;70.39748953974896;53.79113018597997;61.698956780924;60.972017673048605;44.02654867256637;53.113207547169814;72.28979375991538;45.607808340727594;54.08745247148289;73.66737739872067;63.22645290581163;70.04175365344467;51.04505341384116;71.8816067653277;57.71844660194175;70.30841610036592;57.70348837209303;58.85797950219619;69.53125;52.606857679661815;72.47220751720486;58.28041035661944
[Rhodococcus_ruber]_57555303;47.108919766920664;100.0;73.59284587059443;45.14842711564023;42.60793720017445;46.11953612845674;43.92935982339956;42.78215223097113;41.45077720207254;46.13676731793961;36.375;46.45879732739421;47.10112359550562;47.16726618705036;46.4524765729585;45.1050514081359;46.19153674832962;45.98930481283423;47.10632570659489;47.50337381916329;41.688311688311686;39.89637305699482;36.94560669456067;38.33543505674653;38.99957609156422;46.574115539632785;42.4149956408021;45.924276169265035;45.985727029438;47.88924194280526;46.33170297910183;42.68292682926829;47.49887336638125;46.654772524531666;44.7635881573133;43.485915492957744;40.02574002574003;42.74406332453825;44.142167617376046;42.503259452411996;42.47710423026603;46.11953612845674;42.002600780234076;46.442953020134226;44.671403197158085;47.767253044654936;39.646246764452115;44.59102902374671;45.40612516644474;42.857142857142854;41.30622837370242;47.302158273381295;45.62191288729232;43.994720633523976;41.623711340206185;38.6277001270648;44.61674789543642;45.98930481283423;66.58253407370015;44.888888888888886;48.70630957784839;42.3110338835795;44.827586206896555;42.35959947757945;47.03237410071942;41.30622837370242;47.03770197486535;46.70551322277006;48.09954751131222;46.90305206463196;43.47826086956522;46.51162790697674;47.956403269754766
[Rhodococcus_rhodochrous]_57524688;45.41426672574214;73.59284587059443;100.0;44.69964664310954;42.545771578029644;45.21276595744681;42.857142857142854;42.28421970357454;40.420060008572655;45.36219081272085;35.809128630705395;44.463971880492096;45.985727029438;45.855614973262036;45.34986713906112;43.50132625994695;45.09283819628647;46.05439144003567;45.34574468085106;46.18814088274632;40.713671539122956;38.107416879795394;35.52795031055901;37.468671679197996;39.65076660988075;45.92064199732501;42.35294117647059;45.859305431878894;44.823008849557525;45.57640750670242;45.233892321270964;41.63424124513619;46.37745974955278;45.10150044130627;43.81035996488147;42.91977202981149;39.78586723768737;40.70221066319896;43.19965126416739;42.255965292841644;42.78846153846153;45.924276169265035;41.02453723633233;45.14412416851441;44.607190412782955;46.38069705093834;39.46574752261956;45.10150044130627;45.08414526129318;43.16987740805604;40.758293838862556;45.794392523364486;45.23063143752799;43.11324879755138;40.77711357813834;37.810526315789474;44.297082228116714;45.27716186252771;65.57952834922229;44.439521488701814;47.03770197486535;42.68292682926829;44.63576158940397;41.61974880900823;46.571044374719854;40.879689521345405;45.859305431878894;46.18133095131755;46.37745974955278;45.790645879732736;42.85089637079143;45.664739884393065;46.09865470852018
[Mycobacteroides_chelonae_CCUG_47445]_31678189;68.37209302325581;45.14842711564023;44.69964664310954;100.0;50.69637883008357;76.73913043478261;49.95366079703429;48.82866329811667;58.32521908471276;51.04022191400832;50.62586926286509;53.672316384180796;66.78644763860369;67.04370179948586;53.46208195949128;53.2825880114177;64.62860030318342;77.80207763805358;69.79655712050078;57.2463768115942;62.857142857142854;45.71816946080652;42.00174825174825;58.28488372093024;57.6271186440678;66.70087224217548;51.40056022408963;80.06644518272425;79.20573634859349;53.41555977229602;70.0676730869339;57.94074793589121;67.12962962962963;53.09568480300187;75.5939524838013;49.2619926199262;54.80172001911132;50.77211043518952;62.319561971129914;48.56230031948881;51.32991133924405;79.56929872998344;58.86663409868099;67.90697674418604;51.61744022503516;79.17355371900825;42.60985352862849;50.62298107983387;90.50966608084359;51.117318435754186;59.43952802359882;67.71531717380093;52.63157894736842;60.523715415019765;63.97795591182365;42.625109745390695;52.184124001878814;76.54723127035831;43.11926605504588;52.13916314057357;80.36605657237936;62.19451371571072;86.04118993135012;50.20823692734845;68.18652849740933;58.040935672514614;68.93506493506494;56.95652173913044;56.352261790182865;69.39520333680917;51.75479644361254;76.4514378730331;53.92670157068062
[Mycobacteroides_chelonae_CCUG_47445]_31681285;50.34674063800277;42.60793720017445;42.545771578029644;50.69637883008357;100.0;48.967416245984396;60.77650572424091;58.45173934345909;45.82210242587601;45.58035714285714;39.06518010291595;51.675977653631286;48.76146788990825;48.89807162534435;52.31850117096018;48.13450023030861;48.35766423357664;49.17279411764706;49.93077988001846;53.18246110325319;45.49125168236878;45.11754068716094;46.675712347354136;43.783068783068785;44.07982261640798;50.27803521779426;63.981762917933125;50.55658627087198;51.259328358208954;52.479924421350965;50.20727775218793;46.41407307171853;49.44700460829493;52.17188229799159;48.42249657064472;59.427443237907205;45.152603231597844;46.58158614402917;47.151898734177216;63.677581863979846;63.81578947368421;50.55658627087198;46.084608460846084;48.9664676159853;63.277693474962064;50.138760407030524;40.71961386573059;45.77181208053691;50.62645011600928;85.67335243553008;46.27202892001808;49.654218533886585;48.47504621072088;47.14156079854809;46.69959586888191;48.829738412115645;61.942914371557336;50.138760407030524;40.94827586206897;64.1260162601626;50.55658627087198;47.88154897494305;51.117318435754186;83.05084745762711;48.55570839064649;46.205962059620596;50.48678720445062;54.20827389443652;54.57578646329838;50.69702602230484;61.60758861707439;50.27777777777778;53.64112327463113
[Rhodococcus_fascians_A25f]_57529907;70.30841610036592;46.11953612845674;45.21276595744681;76.73913043478261;48.967416245984396;100.0;51.144325081737506;51.33115366651098;56.57197881559942;52.16581276199348;50.486336266790175;53.167526982637256;67.21564590838909;67.56059824651882;52.95774647887323;53.86819484240688;66.13972463029066;80.06644518272425;71.3157894736842;57.2463768115942;63.59516616314199;47.45529573590097;42.43752740026304;58.74635568513119;55.22174535050072;67.3017507723996;51.68381665107577;75.02691065662002;73.65045430251203;53.19753671245855;69.71428571428572;56.79845708775313;66.95786228160328;52.80898876404494;88.19444444444444;52.93005671077504;54.653937947494036;51.267605633802816;63.78704168759417;48.359161349134;51.61290322580645;74.74476088124663;57.10144927536231;69.92677824267783;52.188235294117646;79.17355371900825;43.30954504906334;51.813953488372086;75.68881685575364;48.89908256880734;57.42718446601942;70.52962768746723;53.57824427480916;61.080813088745664;63.32335329341318;42.5;52.32722143864598;79.37120794263652;44.06332453825858;52.56954266855257;78.09419496166484;62.925851703406806;73.90374331550802;48.762603116406964;70.30430220356769;57.73346303501945;69.72860125260961;56.1268620855358;56.65380906460945;70.01569858712716;51.32991133924405;79.07488986784142;54.95927168183996
[Rhodococcus_rhodochrous]_57525916;51.850117096018735;43.92935982339956;42.857142857142854;49.95366079703429;60.77650572424091;51.144325081737506;100.0;65.84362139917695;47.69511638521223;45.91561938958708;40.81010452961672;53.64238410596026;51.78403755868545;51.07476635514019;53.79506641366224;50.09363295880149;49.7459584295612;51.924882629107984;52.71098538425271;54.68003820439351;46.15732368896926;44.86192847442281;45.630630630630634;42.27571115973742;44.211932324131794;51.85533114138094;59.20078934385792;51.64011246485474;51.14539504441328;53.9712918660287;51.561771561771565;49.0557346844772;51.00420364315741;53.0631479736098;49.81481481481482;66.83937823834198;45.68459105286941;47.87822878228782;47.23230490018149;59.321200196753566;59.75247524752475;51.71120487576184;48.032936870997254;51.998119417019275;68.21745948771563;51.9962423673086;40.09640666082384;46.10886189833558;50.30190431955411;62.39316239316239;47.150022799817606;52.2107243650047;50.94250706880301;46.289592760180994;45.14260249554367;50.16256386437529;71.76345231752796;50.58166589111215;41.8007829491083;68.41004184100419;52.497643732327994;49.67622571692877;50.51162790697674;61.33866133866134;52.28665723715229;46.48206990467544;52.13916314057357;54.3935052531041;54.61501673840268;52.06961429915334;73.40139709833423;50.721937587331155;53.603818615751784
[Rhodococcus_fascians_A25f]_57532227;50.8364312267658;42.78215223097113;42.28421970357454;48.82866329811667;58.45173934345909;51.33115366651098;65.84362139917695;100.0;49.171270718232044;45.44235924932976;42.035980693286525;51.608391608391614;49.308118081180815;49.722479185938944;51.96629213483146;50.0;48.62637362637363;50.0;51.40056022408963;52.899575671852894;47.60601915184679;45.24025385312783;46.27202892001808;45.05347593582888;46.410835214446955;50.208816705336424;57.37944471505114;50.13901760889713;50.0;52.19650448748229;48.83401920438957;49.37759336099585;49.930523390458546;51.537744641192916;50.278293135435995;67.04663212435233;47.869903802107196;48.26789838337183;47.08012675418741;57.42718446601942;57.07340787554691;50.208623087621696;49.65357967667436;50.83876980428704;65.40041067761807;50.13901760889713;39.72064600611087;45.63367666815943;48.2837528604119;60.81551466931875;47.60164458656921;50.069476609541454;49.16279069767442;47.337278106508876;47.289972899729;47.67335766423358;66.64945792462571;50.697674418604656;41.482444733420024;65.1639344262295;50.487691593125874;48.2837528604119;49.10262310170271;60.97560975609756;50.0;47.6691042047532;51.33115366651098;53.339649455234486;52.54476908576814;50.628199162401124;63.67781155015197;50.627615062761514;51.33865664631282
[Bifidobacterium_breve_JCM_7017]_56564982;58.92682926829268;41.45077720207254;40.420060008572655;58.32521908471276;45.82210242587601;56.57197881559942;47.69511638521223;49.171270718232044;100.0;49.10999543587403;45.43419874664279;46.89468946894689;58.25621042377009;58.41053144807411;47.755102040816325;51.33865664631282;56.25899280575539;58.94428152492669;58.47127555988315;51.60689333954355;55.00954198473282;43.31550802139038;41.50696864111498;50.55299539170507;54.48504983388705;59.03083700440529;46.476964769647694;58.63414634146341;58.48780487804878;50.20901068276823;58.515283842794766;80.4661487236404;58.333333333333336;47.15960324616772;56.421356421356414;48.10068649885583;71.24735729386892;48.75346260387812;53.893345917885796;45.377400625279144;46.7420814479638;58.63414634146341;91.18165784832452;56.352261790182865;49.169741697416974;59.25563173359451;41.479524438573314;47.960108794197644;56.94980694980695;46.150382710490774;78.2847718526663;58.40233804188991;49.235048678720446;56.20192307692308;54.38679245283019;42.68774703557312;49.65357967667436;58.32521908471276;40.3598971722365;50.371747211895915;59.72495088408645;57.405614714424004;59.411764705882355;46.81139755766621;56.8873852102465;76.53783342406096;58.0943121050073;51.18659841786878;51.9644527595884;58.72007816316561;48.89807162534435;58.711566617862374;49.65293845441925
[Gordonibacter_urolithinfaciens]_56994641;53.589863913655556;46.13676731793961;45.36219081272085;51.04022191400832;45.58035714285714;52.16581276199348;45.91561938958708;45.44235924932976;49.10999543587403;100.0;39.42759504485262;48.774954627949185;52.594670406732114;52.95220243673852;48.77272727272727;48.96456511734929;51.66821130676552;53.16455696202531;54.17256011315418;52.02231520223152;47.425474254742554;42.83819628647215;39.071154665530464;43.94736842105263;45.26876943580631;53.239436619718305;47.021660649819495;51.88284518828452;51.88459748720335;52.177985948477755;53.221288515406165;49.31444241316271;52.594670406732114;48.3710407239819;50.27598896044159;46.44144144144144;46.62162162162162;46.27202892001808;48.77384196185286;43.989431968295904;46.558704453441294;51.88284518828452;49.382716049382715;51.11111111111111;47.748976807639835;53.021077283372364;48.41379310344828;83.59462486002239;50.83102493074792;46.036721898790866;48.158253751705324;53.95852968897267;49.65293845441925;50.69252077562327;49.5225102319236;41.23755949805279;46.88628158844765;53.16455696202531;41.54838709677419;48.44748858447488;53.30830595964336;47.76119402985074;50.97042513863216;45.71045576407507;51.533457249070636;47.82214156079855;54.90753911806543;50.83179297597042;50.9713228492137;55.05938242280285;47.35413839891452;52.877866167524566;50.34706154558075
[Tropheryma_whipplei_str._Neuro14]_57819117;50.48543689320388;36.375;35.809128630705395;50.62586926286509;39.06518010291595;50.486336266790175;40.81010452961672;42.035980693286525;45.43419874664279;39.42759504485262;100.0;42.401746724890835;50.8364312267658;50.8364312267658;43.07692307692308;43.44919786096257;49.03846153846153;50.27752081406105;50.974930362116986;43.196829590488775;52.46594645373415;40.42832167832168;38.18646232439336;48.973071656777726;47.61688606445756;49.447513812154696;39.474817046922084;51.751517982251286;50.27777777777778;41.95957820738137;50.48409405255878;45.76043068640646;50.55658627087198;42.153443766346996;50.69573283858998;40.504128639721856;46.60326086956522;42.81277728482698;48.63138686131387;39.09324208725407;39.59500215424386;51.46853146853147;44.97991967871486;53.47517730496454;40.84568439407149;49.79253112033195;35.557432432432435;39.418554938007695;50.138632162661736;39.244310863031345;46.34146341463415;50.20804438280167;42.23794781070323;45.75662325999102;48.83932635411926;38.01020408163265;41.6010498687664;50.486336266790175;34.96907216494846;41.05584642233857;49.44802207911684;49.44802207911684;50.34706154558075;39.3041237113402;53.11614730878187;45.94594594594595;49.79253112033195;43.819229065130706;44.395017793594306;50.8364312267658;41.11498257839721;50.76566125290023;41.772707327775336
[Salinispora_tropica_CNS197]_58490080;54.976303317535546;46.45879732739421;44.463971880492096;53.672316384180796;51.675977653631286;53.167526982637256;53.64238410596026;51.608391608391614;46.89468946894689;48.774954627949185;42.401746724890835;100.0;54.91686460807601;54.76981490270527;93.60568383658969;53.8534728829686;52.58982734484368;55.05938242280285;55.27566539923955;60.068593826555606;49.93103448275862;48.27744602664217;43.529929577464785;45.34574468085106;47.02970297029702;55.730659025787965;52.10280373831776;55.72519083969466;55.730659025787965;57.343674260785264;54.742803209060874;49.04109589041096;55.43374642516683;91.91564147627417;52.167832167832174;51.14006514657981;46.883468834688344;50.628784350256176;51.31761442441054;51.46036161335188;52.17391304347826;55.502620295378755;47.02702702702703;53.31452750352609;55.16252390057361;54.54545454545454;42.070484581497794;47.63406940063091;52.880562060889936;53.24553151458138;48.359161349134;54.691943127962084;52.98295454545454;50.0;47.97297297297297;46.36445242369838;54.26944971537002;55.05938242280285;43.08093994778068;55.03579952267303;55.65092989985694;51.6728624535316;54.39924314096499;52.17188229799159;54.55407969639469;47.686025408348456;54.54545454545454;59.073170731707314;59.69637610186091;54.54976303317536;53.39302544769085;54.912197437114386;58.03310613437196
[Salinispora_tropica_CNS197]_58490573;68.30403309203723;47.10112359550562;45.985727029438;66.78644763860369;48.76146788990825;67.21564590838909;51.78403755868545;49.308118081180815;58.25621042377009;52.594670406732114;50.8364312267658;54.91686460807601;100.0;96.37023593466425;54.70532319391636;54.75961538461539;67.43827160493827;70.19381875327396;73.53255069370331;60.51332675222113;60.138135175135666;45.714285714285715;42.55599472990777;54.25330812854442;54.85714285714286;65.10681586978637;51.68539325842697;68.86694386694387;67.40587931923672;55.112818050888144;68.42105263157895;59.65601965601965;92.29857819905213;54.84330484330484;66.44467213114754;50.44206607724523;56.150506512301014;52.70398481973435;63.80090497737556;48.35766423357664;52.041295166588455;69.0426638917794;59.26470588235294;68.53582554517133;54.003813155386084;69.21875;43.43163538873995;51.88635305076852;67.21564590838909;50.627032048304685;58.74571288584028;72.81914893617021;56.72514619883041;62.62525050100201;58.50702859912749;43.24801412180053;52.25776105362182;70.55118110236221;43.931398416886545;52.571967909391226;70.91004734350342;61.16071428571429;68.86694386694387;50.20842982862437;69.08237747653806;57.74099318403116;75.05387931034483;59.195684158901415;60.932077342587995;73.95498392282958;51.61441272812354;69.48356807511738;56.237911025145074
[Salinispora_pacifica_DSM_45543_CNS-863]_23518733;68.39110191412313;47.16726618705036;45.855614973262036;67.04370179948586;48.89807162534435;67.56059824651882;51.07476635514019;49.722479185938944;58.41053144807411;52.95220243673852;50.8364312267658;54.76981490270527;96.37023593466425;100.0;54.92622560685388;54.83405483405483;67.95665634674923;70.46169989506821;73.8107963655799;61.14965312190287;59.822747415066466;45.6482320942883;42.80686317641883;54.691943127962084;55.30085959885387;64.85525647536821;51.68539325842697;68.34196891191709;67.14727085478887;55.33653846153847;68.59504132231406;59.577603143418465;93.21428571428572;55.0641940085592;66.27430910951894;50.722610722610725;56.22586872586872;52.27057710501419;64.21370967741935;48.020027309968135;51.969981238273924;68.51659751037344;59.10871694417238;68.62337662337661;53.4916864608076;69.21875;43.4957532409477;51.60390516039052;67.12962962962963;50.90739879013495;58.66797257590598;73.18763326226014;56.95461200585652;63.11557788944724;58.969372873116185;43.50132625994695;52.186177715091674;71.09004739336493;44.121532364597094;52.141176470588235;71.09004739336493;60.84158415841584;69.3069306930693;50.48723897911833;69.17057902973396;57.51093825960136;75.52674230145867;59.43025540275049;61.33200795228628;74.70398277717976;51.26050420168067;69.92677824267783;56.16239729337844
[Salinispora_pacifica_DSM_45543_CNS-863]_23518739;55.20684736091298;46.4524765729585;45.34986713906112;53.46208195949128;52.31850117096018;52.95774647887323;53.79506641366224;51.96629213483146;47.755102040816325;48.77272727272727;43.07692307692308;93.60568383658969;54.70532319391636;54.92622560685388;100.0;54.007633587786266;52.880562060889936;54.92154065620542;55.285714285714285;60.403344810624695;49.79291302346986;48.27427519558214;43.83561643835616;45.40204353620613;47.15703971119133;55.36992840095465;52.320675105485236;55.73613766730402;55.59273422562141;57.89473684210527;54.53257790368272;49.51812758145939;55.74162679425837;90.89316987740806;51.746623195156026;51.35387488328664;47.1441523118767;50.911640953716685;51.53061224489795;52.240896358543424;52.606857679661815;55.51312649164678;47.82214156079855;53.75531412376004;55.769230769230774;54.26136363636363;42.30769230769231;47.89687924016282;52.742616033755276;53.32390381895332;49.17355371900827;54.33443865466604;52.98861480075902;50.207660359944626;47.96931407942238;46.22641509433962;54.27756653992395;54.480796586059746;43.131269079808106;55.34259702922856;55.661729574773055;51.9589552238806;54.115421002838225;52.24719101123596;54.930919485469275;48.42393787117405;54.40758293838862;59.324522760646104;60.26587887740029;55.00000000000001;53.544423440453684;54.33443865466604;58.28041035661944
[Cutibacterium_avidum_ATCC_25577]_58494778;54.52369554810914;45.1050514081359;43.50132625994695;53.2825880114177;48.13450023030861;53.86819484240688;50.09363295880149;50.0;51.33865664631282;48.96456511734929;43.44919786096257;53.8534728829686;54.75961538461539;54.83405483405483;54.007633587786266;100.0;54.44976076555024;56.104651162790695;56.02322206095791;60.049627791563275;48.54637748038763;48.80896777206913;42.749445676274945;46.13995485327314;46.72429481346679;56.33802816901409;48.337950138504155;54.38428366075707;53.9454806312769;59.32371954251616;54.289799809342234;50.701590271281574;55.65764023210832;53.561253561253565;53.35554497858163;49.953227315247894;49.1635687732342;82.39999999999999;50.91078935077067;48.686030428769016;48.40646651270208;54.310344827586206;51.12570356472796;55.73294629898403;51.84834123222749;54.90384615384616;41.844919786096256;48.758049678012874;53.2825880114177;49.02687673772011;50.14018691588785;55.05293551491819;63.790446841294305;50.98499061913696;48.421052631578945;43.51315202853321;51.12994350282486;54.7550432276657;42.932628797886395;51.15511551155115;55.501930501930495;51.552210724365;53.2825880114177;49.23433874709977;54.91329479768786;49.02597402597403;54.97835497835498;60.708936595107346;60.468594217347956;54.685247477174435;50.42134831460674;55.57701593433124;56.90499510284035
[Cutibacterium_avidum_ATCC_25577]_58495809;66.78589678078693;46.19153674832962;45.09283819628647;64.62860030318342;48.35766423357664;66.13972463029066;49.7459584295612;48.62637362637363;56.25899280575539;51.66821130676552;49.03846153846153;52.58982734484368;67.43827160493827;67.95665634674923;52.880562060889936;54.44976076555024;100.0;67.5925925925926;69.4025974025974;58.22416302765647;57.6271186440678;45.725915875169605;42.01570680628272;54.38679245283019;53.603391427225624;64.8936170212766;48.831882730187814;65.63294356888663;63.1578947368421;54.21227986673013;69.40993788819875;57.239382239382245;67.26618705035972;52.37651444547996;66.56441717791411;50.09259259259259;53.62044486512069;51.40712945590994;80.19856591285162;47.024346257889995;48.968363136176066;65.63294356888663;56.63461538461539;66.41104294478528;50.697674418604656;66.56441717791411;41.06047326906223;50.552486187845304;64.37941473259335;49.174311926605505;57.795046138902386;66.99128651973348;53.352353780313834;67.3521850899743;58.78934624697336;41.830065359477125;51.18770377270611;67.76519052523172;43.88426128890837;50.23169601482854;67.16264751154438;60.57171020206999;64.37941473259335;48.9010989010989;66.34271099744245;56.27705627705628;68.45915201654603;57.398452611218566;57.0945945945946;67.87003610108303;50.416666666666664;67.16264751154438;53.84615384615385
[Rhodococcus_rhodochrous]_57525583;73.11370882040382;45.98930481283423;46.05439144003567;77.80207763805358;49.17279411764706;80.06644518272425;51.924882629107984;50.0;58.94428152492669;53.16455696202531;50.27752081406105;55.05938242280285;70.19381875327396;70.46169989506821;54.92154065620542;56.104651162790695;67.5925925925926;100.0;74.6244635193133;60.42385411532775;63.02057200200702;46.31483166515014;43.25396825396825;59.055501460564756;57.17044905842587;69.3069306930693;51.047973917093614;77.31733914940023;75.05387931034483;55.033557046979865;73.77659574468085;59.489946051986266;70.37231253277399;54.912197437114386;79.86725663716814;52.13916314057357;56.82478218780251;53.20970042796006;64.19939577039275;48.698035632708994;51.047973917093614;77.22070844686648;59.333659970602646;73.00319488817891;53.19753671245855;81.37200223089793;44.21005385996409;52.23880597014925;75.68881685575364;51.04699860400186;58.737151248164466;74.93275954814416;55.28219971056439;63.677581863979846;62.83582089552239;42.43752740026304;53.481762198010415;86.36103151862464;44.0;53.510436432637576;82.59404828747896;63.993948562783665;77.02776265650517;50.55658627087198;73.21237993596584;57.963955187530445;73.90374331550802;59.73451327433629;60.20710059171598;73.46502936465563;53.40586565752129;87.5432525951557;56.534365924491766
[Streptomyces_venezuelae_ATCC_10712]_51864616;71.45110410094637;47.10632570659489;45.34574468085106;69.79655712050078;49.93077988001846;71.3157894736842;52.71098538425271;51.40056022408963;58.47127555988315;54.17256011315418;50.974930362116986;55.27566539923955;73.53255069370331;73.8107963655799;55.285714285714285;56.02322206095791;69.4025974025974;74.6244635193133;100.0;61.047948591201184;60.83086053412463;47.18792866941015;42.13286713286713;56.68423574508864;56.03448275862068;68.84735202492212;52.75294117647059;71.40600315955766;70.88807146610615;56.22586872586872;72.37743806009489;59.63707699852869;72.97872340425532;54.98102466793169;70.95588235294117;51.002331002331005;56.364513018322086;53.71782650142993;64.76527006562343;50.20746887966805;52.60930888575458;71.49631190727081;58.62573099415205;71.97250132205183;54.06949071870538;71.85850052798311;44.34470377019748;52.73492286115007;69.26677067082684;51.46853146853147;58.80626223091977;83.07086614173228;56.104651162790695;62.19451371571072;59.72696245733788;43.196829590488775;54.355069014754875;74.6244635193133;43.87889425186485;53.2166508987701;72.95430393198725;62.4251497005988;70.0626959247649;51.18659841786878;71.5417106652587;58.41874084919473;87.71626297577855;60.75135936727632;60.434139121854955;86.46788990825688;53.40264650283554;74.25053533190578;56.376811594202906
[Streptomyces_venezuelae_ATCC_10712]_51865005;58.53184248906174;47.50337381916329;46.18814088274632;57.2463768115942;53.18246110325319;57.2463768115942;54.68003820439351;52.899575671852894;51.60689333954355;52.02231520223152;43.196829590488775;60.068593826555606;60.51332675222113;61.14965312190287;60.403344810624695;60.049627791563275;58.22416302765647;60.42385411532775;61.047948591201184;100.0;50.34674063800277;49.93013507219376;44.148936170212764;47.363677332131594;48.29312699135184;59.56820412168793;53.25779036827195;58.08644973288004;57.481840193704606;62.99093655589124;59.98043052837574;53.610193487494094;61.791044776119406;60.304219823356235;56.943105110896816;53.871733966745836;50.627032048304685;56.55339805825243;54.912197437114386;51.817334575955265;53.04101838755304;58.3171206225681;52.17391304347826;60.19704433497537;56.376811594202906;58.54846566000974;44.02149574563368;51.18000925497454;57.2463768115942;54.493580599144074;51.611396543671184;61.77932405566601;58.4070796460177;56.271023546371936;50.20632737276479;46.48648648648649;56.364513018322086;59.95085995085995;43.815789473684205;56.624758220502905;59.95085995085995;54.338549075391185;57.550822846079384;54.054054054054056;59.73451327433629;51.540616246498594;61.13861386138614;85.61643835616438;86.36103151862464;61.38957816377171;54.71877979027645;60.26587887740029;61.68831168831169
[Rothia_dentocariosa_ATCC_17931]_29743059;67.3521850899743;41.688311688311686;40.713671539122956;62.857142857142854;45.49125168236878;63.59516616314199;46.15732368896926;47.60601915184679;55.00954198473282;47.425474254742554;52.46594645373415;49.93103448275862;60.138135175135666;59.822747415066466;49.79291302346986;48.54637748038763;57.6271186440678;63.02057200200702;60.83086053412463;50.34674063800277;100.0;47.58842443729904;42.68131868131868;57.68115942028985;56.34615384615385;60.613557644730335;47.27272727272727;63.26633165829145;62.38119059529765;49.652616952292725;63.77320622177621;53.76242309512541;59.90147783251232;49.31318681318682;62.69404106159239;46.887778282598816;53.26704545454546;47.52520623281393;56.55934646804421;45.50335570469798;47.33969986357435;63.102409638554214;54.200284765068815;61.89526184538653;47.80420860018298;63.18432948267202;40.913081650570675;46.29878869448183;62.04488778054863;45.36082474226804;54.58015267175572;59.42100098135427;48.68238557558946;55.98270062469967;60.05873715124817;42.86971830985916;47.069513857337576;63.02057200200702;40.41184041184041;47.895699908508696;63.76008064516129;58.333333333333336;63.59516616314199;46.146913023884636;61.50398406374502;53.70018975332068;60.523715415019765;50.0;50.347383047707275;60.45477014335145;46.14343707713126;63.02057200200702;49.721964782205745
[Rothia_dentocariosa_ATCC_17931]_29743711;45.594215996384996;39.89637305699482;38.107416879795394;45.71816946080652;45.11754068716094;47.45529573590097;44.86192847442281;45.24025385312783;43.31550802139038;42.83819628647215;40.42832167832168;48.27744602664217;45.714285714285715;45.6482320942883;48.27427519558214;48.80896777206913;45.725915875169605;46.31483166515014;47.18792866941015;49.93013507219376;47.58842443729904;100.0;42.9270462633452;43.15463003987594;44.60916442048518;46.57846715328467;44.39441692931112;47.25274725274725;46.84643510054845;54.04624277456648;47.46691008671839;44.02149574563368;45.516304347826086;48.27744602664217;47.05075445816186;44.73089099954772;41.95835179441737;47.84222737819025;45.92760180995475;43.705357142857146;44.524560612888685;47.320201557489696;42.363877822045154;46.71232876712329;46.62998624484182;46.91640018273184;39.03719912472648;42.64250994255413;45.32309082693177;45.1831750339213;43.61845051500224;46.91640018273184;49.01685393258427;45.05643340857788;45.41778975741239;43.69409660107335;45.63636363636363;46.6484268125855;38.343296327924854;46.38609332113449;46.6484268125855;44.60431654676259;45.52036199095023;45.57823129251701;45.7103949160236;44.65493910690122;46.44808743169399;50.49180327868853;50.210378681626935;46.51162790697674;46.50525354042942;46.24829467939973;56.30498533724341
[Corynebacterium_pseudotuberculosis_C231]_12298161;42.76315789473684;36.94560669456067;35.52795031055901;42.00174825174825;46.675712347354136;42.43752740026304;45.630630630630634;46.27202892001808;41.50696864111498;39.071154665530464;38.18646232439336;43.529929577464785;42.55599472990777;42.80686317641883;43.83561643835616;42.749445676274945;42.01570680628272;43.25396825396825;42.13286713286713;44.148936170212764;42.68131868131868;42.9270462633452;100.0;42.09838920330866;41.20712114633087;41.43790849673203;45.55256064690027;41.568627450980394;42.368421052631575;43.663850600266784;42.34627126035761;41.32231404958678;42.43089074155331;42.96361245067953;42.750439367311074;47.42362061103511;41.16877453118185;41.93121693121693;41.34490238611714;46.61857529305681;46.01171698963497;41.9397116644823;41.015625;41.49956408020924;48.34710743801653;43.25396825396825;36.828644501278774;38.88415672913118;41.32231404958678;46.609403254972875;41.670310450371666;43.12775330396475;43.18788958147818;41.06910039113429;41.497187364777155;55.08838987099857;47.069513857337576;43.443708609271525;35.69651741293532;47.625570776255714;42.87598944591029;41.4453635176317;42.37510955302366;46.7420814479638;41.61572052401747;41.48471615720524;42.31274638633377;45.36497984773847;44.84605087014726;41.00781928757602;47.8776814240073;42.938847338319405;43.919821826280625
[Corynebacterium_pseudotuberculosis_C231]_12298976;57.43145743145743;38.33543505674653;37.468671679197996;58.28488372093024;43.783068783068785;58.74635568513119;42.27571115973742;45.05347593582888;50.55299539170507;43.94736842105263;48.973071656777726;45.34574468085106;54.25330812854442;54.691943127962084;45.40204353620613;46.13995485327314;54.38679245283019;59.055501460564756;56.68423574508864;47.363677332131594;57.68115942028985;43.15463003987594;42.09838920330866;100.0;51.17891816920943;54.691943127962084;43.08300395256917;57.21847930702598;56.84766938971648;45.956873315363886;56.285714285714285;49.58791208791209;54.76529160739687;45.60390763765542;59.91189427312775;43.59540636042403;48.970251716247134;46.205962059620596;54.8936170212766;41.61974880900823;43.397887323943664;57.294174289841116;50.69188191881919;55.502620295378755;43.63395225464191;58.74635568513119;39.13793103448276;44.00527009222661;57.90236829386177;44.48382809038547;50.34610059990771;55.27566539923955;45.47908232118758;52.95220243673852;63.663514186162274;40.62903920723826;43.265845070422536;59.28815212091663;37.58361204013378;44.48888888888889;58.4384093113482;53.09278350515464;58.900778210116734;44.48382809038547;54.623044096728314;50.48498845265589;56.091734352603915;48.02721088435374;47.35891647855531;55.20684736091298;43.20879120879121;58.592233009708735;45.891333632689715
[Mobiluncus_curtisii_ATCC_43063]_55564678;56.77884615384615;38.99957609156422;39.65076660988075;57.6271186440678;44.07982261640798;55.22174535050072;44.211932324131794;46.410835214446955;54.48504983388705;45.26876943580631;47.61688606445756;47.02970297029702;54.85714285714286;55.30085959885387;47.15703971119133;46.72429481346679;53.603391427225624;57.17044905842587;56.03448275862068;48.29312699135184;56.34615384615385;44.60916442048518;41.20712114633087;51.17891816920943;100.0;60.67193675889329;44.97543546225994;57.933042212518195;57.405614714424004;46.60326086956522;57.06051873198847;53.17647058823529;55.97122302158274;46.963562753036435;56.265002400384056;44.019564250778124;53.40586565752129;45.20486267447096;54.107648725212464;45.057880676758685;45.234899328859065;58.08644973288004;53.82797731568998;56.195965417867434;44.12288512911843;57.550822846079384;40.49803407601573;46.10912343470483;57.398452611218566;44.72160356347439;55.75815738963532;55.89080459770115;46.38800545206724;53.54107648725213;55.11363636363637;42.94505494505494;45.36082474226804;57.47460087082729;37.88898233809924;45.181532944867776;56.943105110896816;56.943105110896816;57.85645004849661;45.17426273458445;55.38020086083214;55.53425970292286;55.96550071873503;47.54990925589836;48.69684499314129;56.421356421356414;44.266666666666666;57.01881331403763;45.41778975741239
[Actinomyces_oris]_31654440;70.59748427672956;46.574115539632785;45.92064199732501;66.70087224217548;50.27803521779426;67.3017507723996;51.85533114138094;50.208816705336424;59.03083700440529;53.239436619718305;49.447513812154696;55.730659025787965;65.10681586978637;64.85525647536821;55.36992840095465;56.33802816901409;64.8936170212766;69.3069306930693;68.84735202492212;59.56820412168793;60.613557644730335;46.57846715328467;41.43790849673203;54.691943127962084;60.67193675889329;100.0;50.76779897626803;68.16770186335404;68.71101871101871;57.30282375851996;69.38245978204462;60.04926108374384;66.376217324449;55.21180390290338;65.84992343032158;51.78403755868545;56.376811594202906;53.21275583055688;62.17023394723743;50.13850415512465;51.11940298507462;68.08070356958096;60.128141941843275;66.9753086419753;53.564638783269956;68.51659751037344;42.98440979955457;51.533457249070636;66.27430910951894;50.55710306406686;59.37038858829317;69.39520333680917;55.587808417997095;60.932077342587995;59.90220048899756;45.1050514081359;54.6583850931677;68.95475819032761;43.67866549604917;54.02572653644593;69.39520333680917;66.1042944785276;68.42923794712286;51.11835973904939;69.34725848563968;58.43520782396088;70.19381875327396;59.03968642822146;59.50859950859952;69.85871271585557;53.119092627599244;70.01569858712716;57.45614035087719
[Mycobacterium_intracellulare_ATCC_13950]_11910985;53.03815355628827;42.4149956408021;42.35294117647059;51.40056022408963;63.981762917933125;51.68381665107577;59.20078934385792;57.37944471505114;46.476964769647694;47.021660649819495;39.474817046922084;52.10280373831776;51.68539325842697;51.68539325842697;52.320675105485236;48.337950138504155;48.831882730187814;51.047973917093614;52.75294117647059;53.25779036827195;47.27272727272727;44.39441692931112;45.55256064690027;43.08300395256917;44.97543546225994;50.76779897626803;100.0;52.971698113207545;53.62731152204836;53.352353780313834;51.817334575955265;47.9470802919708;51.969981238273924;51.88987400839944;49.930651872399444;59.0438639724002;46.26527840651879;46.1118690313779;47.54990925589836;72.01907790143083;96.71532846715328;52.899575671852894;46.7420814479638;50.069476609541454;63.87195121951219;52.25352112676056;41.895482728077944;46.88628158844765;51.047973917093614;66.08517188301694;47.13375796178344;52.468265162200275;51.05882352941177;49.44649446494465;47.69230769230769;48.96551724137931;62.77078085642317;51.471275105091074;42.04347826086956;64.14038657171923;52.827521206409045;47.54322111010009;51.471275105091074;64.73282442748092;51.191032227930876;47.0668485675307;52.18207414359456;53.84615384615385;54.21227986673013;51.969981238273924;61.86186186186187;51.89695550351288;54.01146131805158
[Mycobacterium_intracellulare_ATCC_13950]_11911340;70.75471698113208;45.924276169265035;45.859305431878894;80.06644518272425;50.55658627087198;75.02691065662002;51.64011246485474;50.13901760889713;58.63414634146341;51.88284518828452;51.751517982251286;55.72519083969466;68.86694386694387;68.34196891191709;55.73613766730402;54.38428366075707;65.63294356888663;77.31733914940023;71.40600315955766;58.08644973288004;63.26633165829145;47.25274725274725;41.568627450980394;57.21847930702598;57.933042212518195;68.16770186335404;52.971698113207545;100.0;82.52808988764045;53.8534728829686;71.04712041884817;58.55680156021453;68.77922077922078;55.05938242280285;74.36997319034853;51.28564749883123;54.80172001911132;51.48095909732017;62.805791313030454;50.48543689320388;52.971698113207545;98.4136668700427;58.94428152492669;68.86694386694387;53.34281650071123;78.97633461750138;42.9270462633452;52.026082906381;78.48518111964874;51.399253731343286;58.27232796486091;69.90595611285266;53.21275583055688;61.56141223272004;62.19028741328047;42.750439367311074;52.83018867924528;78.38727372462974;44.89164086687307;54.095238095238095;79.86725663716814;61.7105917454003;83.62507058159233;50.97674418604651;70.21499737808075;57.42718446601942;70.26178010471205;57.795046138902386;57.336561743341406;70.01569858712716;53.11614730878187;77.12418300653596;56.08108108108109
[Mycobacterium_kansasii]_57049821;71.22567069963178;45.985727029438;44.823008849557525;79.20573634859349;51.259328358208954;73.65045430251203;51.14539504441328;50.0;58.48780487804878;51.88459748720335;50.27777777777778;55.730659025787965;67.40587931923672;67.14727085478887;55.59273422562141;53.9454806312769;63.1578947368421;75.05387931034483;70.88807146610615;57.481840193704606;62.38119059529765;46.84643510054845;42.368421052631575;56.84766938971648;57.405614714424004;68.71101871101871;53.62731152204836;82.52808988764045;100.0;54.6673049305888;69.91150442477876;59.10871694417238;67.92550439730988;54.84330484330484;73.09536494405967;50.372093023255815;56.9835111542192;51.625058878944884;61.60714285714286;50.69508804448564;53.84615384615385;82.83624085537423;58.79765395894429;66.6324435318275;53.41880341880342;76.76822633297063;44.46444644464446;51.04214914312182;77.15376226826608;51.471275105091074;58.74571288584028;69.74921630094045;54.46685878962536;59.11764705882353;60.84604033448107;43.88297872340425;53.12204351939451;75.81168831168831;43.48969750109601;54.763044518908565;76.28865979381443;61.56141223272004;79.80077476480353;51.047973917093614;68.29268292682927;58.048780487804876;69.74921630094045;57.87937743190662;57.4199806013579;69.76987447698745;53.26395458845789;75.81168831168831;56.086956521739125
