[Auxenochlorella_protothecoides]_23616569;100.0;53.538050734312414;36.726703210649966;48.09966216216216;35.62908811081185;39.050235478806904;32.136105860113425;33.16906747536012
[Coccomyxa_subellipsoidea_C-169]_17040207;53.538050734312414;100.0;35.68904593639576;48.080204778157;37.14622641509434;41.639741518578354;32.7831094049904;33.065442020665905
[Ostreococcus_tauri]_9836070;36.726703210649966;35.68904593639576;100.0;37.710701685613486;38.307873090481785;32.67289719626168;51.231101511879054;36.81959564541213
[Ostreococcus_tauri]_9832366;48.09966216216216;48.080204778157;37.710701685613486;100.0;36.332179930795846;48.006644518272424;34.24971363115693;35.45419701034879
[Ostreococcus_tauri]_9837170;35.62908811081185;37.14622641509434;38.307873090481785;36.332179930795846;100.0;32.07964601769911;34.42373526055535;51.66524338172502
[Bathycoccus_prasinos]_19012732;39.050235478806904;41.639741518578354;32.67289719626168;48.006644518272424;32.07964601769911;100.0;32.29050279329609;34.86966377030601
[Bathycoccus_prasinos]_19013959;32.136105860113425;32.7831094049904;51.231101511879054;34.24971363115693;34.42373526055535;32.29050279329609;100.0;34.99425067075508
[Bathycoccus_prasinos]_19017445;33.16906747536012;33.065442020665905;36.81959564541213;35.45419701034879;51.66524338172502;34.86966377030601;34.99425067075508;100.0
