[Methanohalophilus_halophilus]_30582396;100.0;51.24471582902771;54.28845232390992;52.75142314990512;39.63232150491663;21.09433962264151;54.066985645933016;52.75142314990512;55.25554484088717;55.4054054054054;21.34238310708899;21.068472535741158;53.40638399237733;53.40638399237733;22.125237191650854;21.250941974378296;53.479504289799806;52.75142314990512;21.92678227360308;52.75142314990512;52.823920265780735;52.75142314990512;21.986353297952995;21.663516068052928;54.066985645933016;22.256568778979908;53.99330463892874;54.28845232390992;54.95668912415784;21.388155413051678;54.36241610738255;54.95668912415784;21.234939759036145;21.663516068052928;53.62595419847328;19.895678092399404;53.699284009546545;22.351121423047175;22.445820433436534;22.115013508297952;53.62595419847328;55.10597302504817;22.063919907585674;54.95668912415784;23.290347792106292;20.867009551800148;54.95668912415784;20.140949554896142;21.581116523042336;20.711143695014663;21.502491376006134;23.2421875;54.73330129745315;21.81612660135644;51.95847097687588;22.57448433919022;23.290347792106292;21.131066106228506;86.88334300638422;57.66780989710926;55.25554484088717;47.41655235482396;52.75142314990512
[Methanospirillum_hungatei_JF-1]_3924732;51.24471582902771;100.0;50.04659832246039;50.961087669948434;40.47311827956989;21.922492401215806;49.906890130353815;50.81967213114754;50.18656716417911;50.53763440860215;20.20918939110945;20.02983961208504;49.6978149697815;49.6978149697815;20.524344569288388;19.98508575689784;49.906890130353815;50.60804490177736;20.717283479587945;50.60804490177736;50.961087669948434;50.67852129153019;20.65991751031121;20.65991751031121;50.67852129153019;20.579268292682926;50.39701074264362;50.04659832246039;48.79852125693161;20.119447555057857;49.35064935064935;48.79852125693161;20.46389824167602;20.344053851907255;50.04659832246039;19.362017804154302;50.25664955669622;20.948012232415902;21.272518206209277;21.272518206209277;49.35064935064935;50.326797385620914;20.946203739030906;49.6978149697815;23.87122104436592;22.168585220943186;48.79852125693161;20.45370026031982;21.39917695473251;22.234595397178918;20.669965740388278;23.435054773082943;49.2814093648586;20.32005954596204;47.842056932966024;23.328209069946197;24.21259842519685;20.853983987800227;51.81518151815182;53.457319980925135;50.467289719626166;50.443303779748014;50.60804490177736
[Methanosarcina_barkeri_str._Fusaro]_3625257;54.28845232390992;50.04659832246039;100.0;69.47368421052632;37.68971332209106;19.962616822429908;76.82591982427238;69.38453445554971;90.75829383886256;74.8099891422367;22.078907435508345;22.17160212604404;68.1462140992167;68.1462140992167;21.986353297952995;22.264437689969604;68.32200731834814;69.47368421052632;22.39845261121857;69.47368421052632;69.56292785676672;69.29547844374343;22.543792840822544;22.264437689969604;70.91295116772824;22.635658914728683;69.20651602732526;100.0;90.98457888493475;21.893939393939394;84.84500574052812;90.98457888493475;22.2011385199241;21.986353297952995;69.92084432717678;20.434131736526943;69.83122362869199;22.162162162162165;22.683210546723537;23.11284046692607;68.58638743455498;91.21140142517815;21.502491376006134;55.932203389830505;23.290347792106292;21.491875923190545;90.98457888493475;20.45370026031982;21.217781098244302;20.27027027027027;21.689059500959694;23.290347792106292;54.73330129745315;21.13150992881229;52.46212121212122;21.968833143291526;23.145979703356755;21.362940275650843;54.73330129745315;57.12890625;74.90494296577947;50.513538748832865;69.47368421052632
[Methanosarcina_mazei_S-6]_24840642;52.75142314990512;50.961087669948434;69.47368421052632;100.0;38.565973695375476;21.140052850132125;69.29547844374343;97.66728054020871;69.20651602732526;68.05845511482255;21.893939393939394;21.709531013615734;75.28579205225911;75.28579205225911;21.57159047978844;21.61753590325019;75.57251908396947;98.15384615384616;22.351121423047175;98.15384615384616;97.9102642901045;96.46125686394143;22.125237191650854;22.310908399847968;77.41046831955923;22.30382682643989;80.29115341545354;69.47368421052632;69.02887139107612;21.801665404996214;70.10036978341257;69.02887139107612;21.6012084592145;21.159638554216865;76.34173055859803;19.98508575689784;76.43835616438356;22.162162162162165;22.635658914728683;22.067901234567902;75.1904243743199;69.29547844374343;21.502491376006134;55.48044422984065;23.91987431264729;22.350316102640384;69.02887139107612;20.45370026031982;21.80930930930931;21.5577703949797;21.455938697318008;23.67698941591533;54.65898174831892;20.905011219147347;53.11459819305754;22.527682321496755;23.67698941591533;21.549079754601227;52.75142314990512;56.44141954302382;68.23406478578893;51.43259746359793;98.15384615384616
[Natrialbaceae_archaeon_XQ-INN_246]_52266988;39.63232150491663;40.47311827956989;37.68971332209106;38.565973695375476;100.0;25.0;38.155668358714045;38.565973695375476;37.631689844079226;38.097251585623674;19.560439560439562;18.950437317784257;39.63232150491663;39.63232150491663;19.38551572787125;19.080627508208682;39.39393939393939;38.62478777589134;19.910347403810235;38.62478777589134;38.565973695375476;38.683651804670916;19.38551572787125;19.472913616398245;39.27505330490405;19.731443491234614;38.155668358714045;37.68971332209106;37.74778574441164;19.298245614035086;37.400084139671854;37.74778574441164;18.290474465773272;19.21110299488678;38.80152996175096;17.791411042944784;38.74256584536958;20.631341600901916;20.903954802259886;21.177802944507363;39.69204448246364;37.631689844079226;18.58407079646018;40.11154011154011;25.381903642773207;24.33842713380544;37.74778574441164;23.68222891566265;20.726338958180484;23.666666666666668;18.365844681634155;24.552529182879375;36.19683069224354;17.065333809353803;37.9222972972973;23.482549317147193;25.62794348508634;17.37226277372263;38.97872340425532;41.54379878577624;38.097251585623674;42.35959947757945;38.62478777589134
[Haloplanus_rallus]_43369505;21.09433962264151;21.922492401215806;19.962616822429908;21.140052850132125;25.0;100.0;20.322459692538434;21.323251417769377;20.0074794315632;20.45795795795796;21.707779886148007;21.523304281924972;21.140052850132125;21.140052850132125;21.247637051039696;21.56937073540561;21.09433962264151;21.003016591251885;21.64351851851852;21.003016591251885;21.23158292406498;21.140052850132125;21.0188679245283;20.92760180995475;20.82078313253012;20.389461626575027;20.54845980465815;19.962616822429908;19.783501306457634;21.523304281924972;19.783501306457634;19.783501306457634;20.639097744360903;20.700037636432068;20.27736131934033;18.865826538176428;20.322459692538434;23.308564724286274;23.019898556379243;23.40508806262231;21.23158292406498;19.91778774289985;19.387755102040817;21.04866088268578;30.024813895781637;26.84719535783365;19.783501306457634;28.55436081242533;22.407267221801668;29.314420803782504;19.61378265808406;29.329494035376385;18.63216266173752;17.849305047549375;19.649515287099177;25.85596221959858;29.59604286892003;19.11764705882353;21.140052850132125;22.031963470319635;20.367591897974492;21.245283018867926;21.003016591251885
[Methanosarcina_flavescens]_53687422;54.066985645933016;49.906890130353815;76.82591982427238;69.29547844374343;38.155668358714045;20.322459692538434;100.0;69.11764705882352;77.11771177117713;89.97050147492625;22.4971450323563;22.310908399847968;67.79572694111516;67.79572694111516;22.125237191650854;22.403955876759223;67.1858774662513;69.56292785676672;22.778424524641057;69.56292785676672;69.11764705882352;69.11764705882352;22.590476190476192;22.73073989321129;70.01055966209081;23.017107309486782;71.00371747211895;76.82591982427238;76.14879649890591;22.310908399847968;75.95628415300546;76.14879649890591;21.78517397881997;21.663516068052928;70.19027484143763;20.25411061285501;70.10036978341257;22.683210546723537;22.39845261121857;23.256719906505648;69.92084432717678;77.31277533039648;20.853983987800227;54.066985645933016;23.72549019607843;21.85185185185185;76.14879649890591;20.723071188967573;20.94670145359672;21.155261221486388;21.549079754601227;23.049921996879874;53.333333333333336;21.313320825515948;52.38996687174633;22.015209125475284;23.822605965463108;21.362940275650843;53.99330463892874;55.38387252535008;89.97050147492625;50.72463768115942;69.56292785676672
[Methanosarcina_mazei_Go1]_1480140;52.75142314990512;50.81967213114754;69.38453445554971;97.66728054020871;38.565973695375476;21.323251417769377;69.11764705882352;100.0;69.20651602732526;67.97078768909755;21.61753590325019;21.433962264150942;75.0;75.0;21.525679758308158;21.34238310708899;75.09516041326808;96.34146341463415;22.115013508297952;96.34146341463415;99.01112484548825;98.52034525277435;22.218002278769465;22.310908399847968;77.41046831955923;22.162162162162165;80.49327354260089;69.38453445554971;68.85159937073938;21.525679758308158;70.10036978341257;68.85159937073938;21.417797888386122;21.068472535741158;76.72886937431394;19.895678092399404;76.82591982427238;22.209347238315953;22.5881441301821;22.115013508297952;75.28579205225911;69.20651602732526;21.59570387418489;55.55555555555556;23.822605965463108;22.213967310549776;68.85159937073938;20.45370026031982;21.76360225140713;21.692535107169252;21.549079754601227;23.628526645768027;54.510556621881;20.950243172465395;53.041825095057035;22.38749046529367;23.67698941591533;21.362940275650843;52.823920265780735;56.36540330417882;68.1462140992167;51.43259746359793;96.34146341463415
[Methanosarcina_vacuolata_Z-761]_24811206;55.25554484088717;50.18656716417911;90.75829383886256;69.20651602732526;37.631689844079226;20.0074794315632;77.11771177117713;69.20651602732526;100.0;74.90494296577947;22.450532724505326;22.543792840822544;68.76310272536688;68.76310272536688;22.73073989321129;22.590476190476192;68.41004184100419;69.47368421052632;23.11284046692607;69.47368421052632;69.38453445554971;69.56292785676672;22.63719512195122;22.73073989321129;71.82497331910352;23.304754481683553;69.92084432717678;90.75829383886256;89.74661166764879;22.63719512195122;85.16388729154687;89.74661166764879;21.46359864202188;22.078907435508345;70.55084745762711;20.479221265443652;70.46056114346216;22.683210546723537;23.06495527032283;23.545490042951972;69.56292785676672;99.25742574257426;21.362940275650843;55.48044422984065;23.338545738858482;21.761658031088082;89.74661166764879;20.948469006721435;20.94670145359672;20.62271062271062;21.038564337533412;23.00194931773879;53.91969407265774;20.85981308411215;52.17391304347826;22.29420731707317;23.049921996879874;21.27008416220352;54.95668912415784;56.899073622623106;74.90494296577947;50.373134328358205;69.47368421052632
[Methanosarcina_thermophila_CHTI-55]_41602396;55.4054054054054;50.53763440860215;74.8099891422367;68.05845511482255;38.097251585623674;20.45795795795796;89.97050147492625;67.97078768909755;74.90494296577947;100.0;22.543792840822544;22.403955876759223;66.06498194945848;66.06498194945848;22.17160212604404;22.403955876759223;65.97938144329896;67.97078768909755;22.73079906904577;67.97078768909755;67.79572694111516;67.79572694111516;22.63719512195122;22.824427480916032;68.76310272536688;22.683210546723537;68.67469879518072;74.8099891422367;74.14818820984316;22.310908399847968;74.33676231727125;74.14818820984316;21.73913043478261;21.709531013615734;69.11764705882352;20.119447555057857;69.02887139107612;22.493224932249323;22.256568778979908;23.017107309486782;68.85159937073938;74.90494296577947;21.177370030581038;54.28845232390992;23.386781384434883;21.536756557074252;74.14818820984316;20.678092399403873;20.81161578555473;20.93279471171502;21.59570387418489;22.906116088819633;53.772683858643745;20.905011219147347;52.96912114014252;22.10806697108067;23.531714956930305;21.549079754601227;56.007751937984494;55.759922555663124;99.75186104218362;50.79513564078578;67.97078768909755
[Methanosarcina_siciliae_T4/M]_24862605;21.34238310708899;20.20918939110945;22.078907435508345;21.893939393939394;19.560439560439562;21.707779886148007;22.4971450323563;21.61753590325019;22.450532724505326;22.543792840822544;100.0;95.38274605103281;22.4971450323563;22.4971450323563;86.11111111111111;94.08569704284852;22.4971450323563;21.986353297952995;82.35294117647058;21.986353297952995;21.57159047978844;21.75558077941733;73.36927223719677;72.71750805585391;22.543792840822544;68.91025641025641;22.218002278769465;22.078907435508345;22.125237191650854;83.98169336384439;22.590476190476192;22.125237191650854;41.26426690079016;71.42857142857143;22.590476190476192;60.63936063936064;22.63719512195122;61.40888208269525;61.65644171779141;60.263558033451595;22.824427480916032;22.403955876759223;40.23904382470119;21.34238310708899;24.82185273159145;21.06038291605302;22.125237191650854;20.648527767424525;20.423319717786857;22.615499254843517;38.76478318002628;23.35680751173709;21.068472535741158;38.017941050832974;20.886551465063864;25.46948356807512;24.77245745943807;39.92932862190813;21.34238310708899;21.404303510758776;22.590476190476192;20.80989876265467;21.986353297952995
[Methanosarcina_siciliae_T4/M]_24859538;21.068472535741158;20.02983961208504;22.17160212604404;21.709531013615734;18.950437317784257;21.523304281924972;22.310908399847968;21.433962264150942;22.543792840822544;22.403955876759223;95.38274605103281;100.0;22.218002278769465;22.218002278769465;85.68129330254041;98.15157116451016;22.218002278769465;21.801665404996214;81.61975875933372;21.801665404996214;21.388155413051678;21.57159047978844;73.55639503507825;73.36927223719677;22.403955876759223;68.01275239107333;22.17160212604404;22.17160212604404;22.17160212604404;84.19243986254295;22.590476190476192;22.17160212604404;41.0784743533538;71.7948717948718;22.403955876759223;60.8;22.450532724505326;61.16207951070336;61.40888208269525;60.02024291497976;22.4971450323563;22.4971450323563;39.99116217410517;21.114038389160708;24.575266693006718;21.01582627898417;22.17160212604404;20.424107142857142;20.11111111111111;22.25111441307578;39.06935908691835;23.308564724286274;21.114038389160708;37.547892720306514;20.705176294073517;25.224521671222178;24.723101265822788;39.74415527128363;21.114038389160708;20.993227990970656;22.450532724505326;20.53872053872054;21.801665404996214
[Methanosarcina_siciliae_T4/M]_24859321;53.40638399237733;49.6978149697815;68.1462140992167;75.28579205225911;39.63232150491663;21.140052850132125;67.79572694111516;75.0;68.76310272536688;66.06498194945848;22.4971450323563;22.218002278769465;100.0;100.0;22.824427480916032;22.218002278769465;96.70128283445327;75.28579205225911;23.06495527032283;75.28579205225911;74.90494296577947;74.8099891422367;22.4971450323563;22.824427480916032;80.08948545861297;22.493224932249323;76.72886937431394;68.1462140992167;69.11764705882352;22.4971450323563;69.56292785676672;69.11764705882352;21.73913043478261;21.709531013615734;80.19026301063235;20.164301717699775;80.08948545861297;23.06495527032283;22.92152292152292;22.873786407766993;86.45049218297626;68.32200731834814;20.578166603271207;55.78132559264635;24.45759368836292;22.259383128948347;69.11764705882352;21.12939416604338;21.12728630085853;21.692535107169252;21.362940275650843;24.017295597484274;52.75142314990512;20.724421209858104;51.95847097687588;22.903102259670625;23.290347792106292;20.53231939163498;54.43645083932853;57.59059745347699;66.06498194945848;50.303030303030305;75.28579205225911
[Methanosarcina_siciliae_HI350]_41604487;53.40638399237733;49.6978149697815;68.1462140992167;75.28579205225911;39.63232150491663;21.140052850132125;67.79572694111516;75.0;68.76310272536688;66.06498194945848;22.4971450323563;22.218002278769465;100.0;100.0;22.824427480916032;22.218002278769465;96.70128283445327;75.28579205225911;23.06495527032283;75.28579205225911;74.90494296577947;74.8099891422367;22.4971450323563;22.824427480916032;80.08948545861297;22.493224932249323;76.72886937431394;68.1462140992167;69.11764705882352;22.4971450323563;69.56292785676672;69.11764705882352;21.73913043478261;21.709531013615734;80.19026301063235;20.164301717699775;80.08948545861297;23.06495527032283;22.92152292152292;22.873786407766993;86.45049218297626;68.32200731834814;20.578166603271207;55.78132559264635;24.45759368836292;22.259383128948347;69.11764705882352;21.12939416604338;21.12728630085853;21.692535107169252;21.362940275650843;24.017295597484274;52.75142314990512;20.724421209858104;51.95847097687588;22.903102259670625;23.290347792106292;20.53231939163498;54.43645083932853;57.59059745347699;66.06498194945848;50.303030303030305;75.28579205225911
[Methanosarcina_siciliae_C2J]_24873803;22.125237191650854;20.524344569288388;21.986353297952995;21.57159047978844;19.38551572787125;21.247637051039696;22.125237191650854;21.525679758308158;22.73073989321129;22.17160212604404;86.11111111111111;85.68129330254041;22.824427480916032;22.824427480916032;100.0;85.25345622119815;22.96522735957203;21.75558077941733;81.30733944954129;21.75558077941733;21.479803699509247;21.663516068052928;73.46278317152104;72.62479871175523;22.77756581457459;68.28100053219798;22.357414448669203;21.986353297952995;21.986353297952995;82.31292517006803;22.683949675943577;21.986353297952995;41.14035087719298;71.33724027703782;22.77756581457459;60.55916125811282;22.824427480916032;60.83418107833164;61.16207951070336;60.670731707317074;23.153463451970914;22.683949675943577;40.30115146147033;21.250941974378296;24.77245745943807;20.97130242825607;21.986353297952995;20.513775130305287;20.066641984450204;21.798667653589934;39.49801849405548;24.036191974822973;21.57159047978844;39.26724137931035;20.84115659031168;25.126804525946156;24.77245745943807;40.55013309671695;22.17160212604404;21.956769055745166;22.218002278769465;21.036814425244177;21.75558077941733
[Methanosarcina_siciliae_C2J]_24870349;21.250941974378296;19.98508575689784;22.264437689969604;21.61753590325019;19.080627508208682;21.56937073540561;22.403955876759223;21.34238310708899;22.590476190476192;22.403955876759223;94.08569704284852;98.15157116451016;22.218002278769465;22.218002278769465;85.25345622119815;100.0;22.218002278769465;21.709531013615734;81.41135972461274;21.709531013615734;21.296645307199398;21.479803699509247;74.12019491066594;73.74392220421394;22.264437689969604;68.64;22.218002278769465;22.264437689969604;22.17160212604404;84.0870062965083;22.590476190476192;22.17160212604404;41.14035087719298;72.1627408993576;22.310908399847968;60.96096096096096;22.357414448669203;61.3265306122449;61.40888208269525;60.182370820668694;22.450532724505326;22.543792840822544;40.05305039787798;21.068472535741158;24.871287128712872;21.149594694178333;22.17160212604404;20.558659217877096;20.155613190070394;22.38750464856824;39.37527496700396;23.647058823529413;21.114038389160708;37.66510438858116;20.84115659031168;25.126804525946156;24.97027348394768;39.74415527128363;21.296645307199398;21.221258952129666;22.450532724505326;20.71937055076808;21.709531013615734
[Methanosarcina_siciliae_C2J]_24870122;53.479504289799806;49.906890130353815;68.32200731834814;75.57251908396947;39.39393939393939;21.09433962264151;67.1858774662513;75.09516041326808;68.41004184100419;65.97938144329896;22.4971450323563;22.218002278769465;96.70128283445327;96.70128283445327;22.96522735957203;22.218002278769465;100.0;75.38126361655773;23.11284046692607;75.38126361655773;75.0;74.90494296577947;22.73073989321129;23.05927342256214;79.78782802903406;22.493224932249323;76.34173055859803;68.32200731834814;68.9401888772298;22.450532724505326;69.38453445554971;68.9401888772298;21.92351382052253;21.75558077941733;79.38718662952647;20.344053851907255;79.28730512249443;23.160762942779293;23.06495527032283;23.06495527032283;86.1271676300578;68.1462140992167;20.53231939163498;55.8567279767667;24.310480693459414;22.213967310549776;68.9401888772298;20.903322135125045;21.082089552238806;21.33382461311717;21.362940275650843;24.017295597484274;53.041825095057035;20.99550898203593;51.886792452830186;22.950191570881227;23.580101840971405;20.900076277650648;54.43645083932853;57.2056668295066;65.97938144329896;50.79513564078578;75.38126361655773
[Methanosarcina_mazei_WWM610]_24852595;52.75142314990512;50.60804490177736;69.47368421052632;98.15384615384616;38.62478777589134;21.003016591251885;69.56292785676672;96.34146341463415;69.47368421052632;67.97078768909755;21.986353297952995;21.801665404996214;75.28579205225911;75.28579205225911;21.75558077941733;21.709531013615734;75.38126361655773;100.0;22.445820433436534;100.0;97.062423500612;97.54601226993866;22.125237191650854;22.4971450323563;77.31277533039648;22.445820433436534;80.69584736251403;69.47368421052632;69.11764705882352;21.94012883668056;70.28027498677947;69.11764705882352;21.46359864202188;21.20527306967985;75.6683033278778;20.07462686567164;75.764192139738;22.115013508297952;22.540666150271107;21.92678227360308;75.38126361655773;69.56292785676672;21.549079754601227;55.25554484088717;23.87122104436592;22.12323682256867;69.11764705882352;20.45370026031982;21.85505069470522;21.512915129151292;21.409421677518193;23.628526645768027;54.584733557369184;20.814648729446937;53.041825095057035;22.43418542541015;23.628526645768027;21.362940275650843;52.75142314990512;56.44141954302382;68.1462140992167;51.21951219512195;100.0
[Methanosarcina_acetivorans_C2A]_1476280;21.92678227360308;20.717283479587945;22.39845261121857;22.351121423047175;19.910347403810235;21.64351851851852;22.778424524641057;22.115013508297952;23.11284046692607;22.73079906904577;82.35294117647058;81.61975875933372;23.06495527032283;23.06495527032283;81.30733944954129;81.41135972461274;23.11284046692607;22.445820433436534;100.0;22.445820433436534;22.067901234567902;22.256568778979908;69.36261381896091;71.75448126018468;23.06495527032283;71.2396694214876;23.160762942779293;22.39845261121857;22.351121423047175;89.34131736526946;22.778424524641057;22.351121423047175;40.62222222222222;70.36637931034483;23.017107309486782;56.845238095238095;23.06495527032283;62.1283255086072;61.62246489859594;61.11975116640747;23.160762942779293;23.06495527032283;40.968764146672704;21.73913043478261;25.567260940032416;21.71622130222055;22.351121423047175;21.07265119817421;21.070615034168565;23.033067274800455;39.892183288409704;23.7125748502994;21.412125863392173;37.890625;21.272518206209277;25.367793240556658;25.313384553174284;40.713962946226836;22.020825298881604;22.13209733487833;22.778424524641057;21.286370597243494;22.445820433436534
[Methanosarcina_mazei_SarPi]_24866040;52.75142314990512;50.60804490177736;69.47368421052632;98.15384615384616;38.62478777589134;21.003016591251885;69.56292785676672;96.34146341463415;69.47368421052632;67.97078768909755;21.986353297952995;21.801665404996214;75.28579205225911;75.28579205225911;21.75558077941733;21.709531013615734;75.38126361655773;100.0;22.445820433436534;100.0;97.062423500612;97.54601226993866;22.125237191650854;22.4971450323563;77.31277533039648;22.445820433436534;80.69584736251403;69.47368421052632;69.11764705882352;21.94012883668056;70.28027498677947;69.11764705882352;21.46359864202188;21.20527306967985;75.6683033278778;20.07462686567164;75.764192139738;22.115013508297952;22.540666150271107;21.92678227360308;75.38126361655773;69.56292785676672;21.549079754601227;55.25554484088717;23.87122104436592;22.12323682256867;69.11764705882352;20.45370026031982;21.85505069470522;21.512915129151292;21.409421677518193;23.628526645768027;54.584733557369184;20.814648729446937;53.041825095057035;22.43418542541015;23.628526645768027;21.362940275650843;52.75142314990512;56.44141954302382;68.1462140992167;51.21951219512195;100.0
[Methanosarcina_mazei_LYC]_24878538;52.823920265780735;50.961087669948434;69.56292785676672;97.9102642901045;38.565973695375476;21.23158292406498;69.11764705882352;99.01112484548825;69.38453445554971;67.79572694111516;21.57159047978844;21.388155413051678;74.90494296577947;74.90494296577947;21.479803699509247;21.296645307199398;75.0;97.062423500612;22.067901234567902;97.062423500612;100.0;98.27586206896551;22.17160212604404;22.264437689969604;77.41046831955923;22.162162162162165;80.29115341545354;69.56292785676672;69.02887139107612;21.479803699509247;70.19027484143763;69.02887139107612;21.372031662269126;21.022940955246334;76.53508771929825;19.895678092399404;76.63192539769611;22.162162162162165;22.540666150271107;22.020825298881604;75.1904243743199;69.38453445554971;21.549079754601227;55.4054054054054;23.968565815324165;22.259383128948347;69.02887139107612;20.45370026031982;21.76360225140713;21.602658788774004;21.409421677518193;23.67698941591533;54.65898174831892;20.950243172465395;53.2603522132318;22.38749046529367;23.67698941591533;21.31649445082281;52.75142314990512;56.36540330417882;67.97078768909755;51.36150234741784;97.062423500612
[Methanosarcina_mazei_C16]_24881481;52.75142314990512;50.67852129153019;69.29547844374343;96.46125686394143;38.683651804670916;21.140052850132125;69.11764705882352;98.52034525277435;69.56292785676672;67.79572694111516;21.75558077941733;21.57159047978844;74.8099891422367;74.8099891422367;21.663516068052928;21.479803699509247;74.90494296577947;97.54601226993866;22.256568778979908;97.54601226993866;98.27586206896551;100.0;22.264437689969604;22.450532724505326;77.21518987341773;22.30382682643989;80.69584736251403;69.29547844374343;68.85159937073938;21.663516068052928;70.19027484143763;68.85159937073938;21.32629992464205;21.114038389160708;76.14879649890591;19.98508575689784;76.24521072796935;22.209347238315953;22.540666150271107;22.020825298881604;75.47683923705722;69.56292785676672;21.642363775901767;55.330438977327546;23.72549019607843;22.12323682256867;68.85159937073938;20.45370026031982;21.717929482370593;21.512915129151292;21.549079754601227;23.483365949119374;54.510556621881;20.85981308411215;52.89648622981956;22.38749046529367;23.580101840971405;21.223709369024856;52.823920265780735;56.44141954302382;67.97078768909755;51.50375939849624;97.54601226993866
[Methanosarcina_lacustris_Z-7289]_24807827;21.986353297952995;20.65991751031121;22.543792840822544;22.125237191650854;19.38551572787125;21.0188679245283;22.590476190476192;22.218002278769465;22.63719512195122;22.63719512195122;73.36927223719677;73.55639503507825;22.4971450323563;22.4971450323563;73.46278317152104;74.12019491066594;22.73073989321129;22.125237191650854;69.36261381896091;22.125237191650854;22.17160212604404;22.264437689969604;100.0;87.85046728971963;22.96522735957203;68.19148936170212;22.824427480916032;22.543792840822544;22.264437689969604;71.97860962566844;23.01223241590214;22.264437689969604;42.075055187637965;75.06804572672836;22.63719512195122;62.01511335012595;22.683949675943577;60.91603053435114;60.263558033451595;60.02024291497976;23.153463451970914;22.63719512195122;40.8;20.977443609022554;24.575266693006718;20.926811327694004;22.264437689969604;20.783582089552237;20.468053491827636;23.074046372475692;40.363314133805936;24.47690485590209;21.986353297952995;40.60052219321149;21.433962264150942;25.32239155920281;24.77245745943807;41.302408563782336;22.264437689969604;21.956769055745166;22.683949675943577;20.855213803450862;22.125237191650854
[Methanosarcina_lacustris_Z-7289]_24807454;21.663516068052928;20.65991751031121;22.264437689969604;22.310908399847968;19.472913616398245;20.92760180995475;22.73073989321129;22.310908399847968;22.73073989321129;22.824427480916032;72.71750805585391;73.36927223719677;22.824427480916032;22.824427480916032;72.62479871175523;73.74392220421394;23.05927342256214;22.4971450323563;71.75448126018468;22.4971450323563;22.264437689969604;22.450532724505326;87.85046728971963;100.0;23.436900652090525;71.66123778501628;23.295019157088124;22.264437689969604;22.17160212604404;74.49810092240912;22.77756581457459;22.17160212604404;41.88712522045856;78.27050997782705;23.295019157088124;62.34225138818778;23.34227673438099;60.4261796042618;59.05432595573441;58.734939759036145;23.24779777862888;22.73073989321129;40.42553191489361;21.663516068052928;24.378698224852073;20.704845814977972;22.17160212604404;20.33457249070632;20.378619153674833;22.524199553239015;40.05305039787798;23.987416437278807;22.032612817595755;40.968586387434556;21.479803699509247;24.73745624270712;24.427782162588795;41.23941150245207;21.94012883668056;21.956769055745166;22.871324933180603;20.674157303370784;22.4971450323563
[Methanosarcina_lacustris_Z-7289]_24805042;54.066985645933016;50.67852129153019;70.91295116772824;77.41046831955923;39.27505330490405;20.82078313253012;70.01055966209081;77.41046831955923;71.82497331910352;68.76310272536688;22.543792840822544;22.403955876759223;80.08948545861297;80.08948545861297;22.77756581457459;22.264437689969604;79.78782802903406;77.31277533039648;23.06495527032283;77.31277533039648;77.41046831955923;77.21518987341773;22.96522735957203;23.436900652090525;100.0;22.5881441301821;80.08948545861297;70.91295116772824;70.82228116710876;22.683949675943577;71.82497331910352;70.82228116710876;22.062168309325248;22.125237191650854;86.01964182553438;20.344053851907255;86.1271676300578;22.5881441301821;22.683210546723537;22.540666150271107;80.3921568627451;71.45899893503727;20.946203739030906;56.234837457544884;23.87122104436592;21.223286661753868;70.82228116710876;20.319465081723624;21.717929482370593;21.244477172312223;22.15799614643545;23.774029030992548;54.28845232390992;20.905011219147347;51.60075329566855;22.527682321496755;23.386781384434883;21.642363775901767;55.03129513721714;56.36540330417882;68.85159937073938;50.513538748832865;77.31277533039648
[Methanosarcina_horonobensis_HB-1_JCM_15518]_24832705;22.256568778979908;20.579268292682926;22.635658914728683;22.30382682643989;19.731443491234614;20.389461626575027;23.017107309486782;22.162162162162165;23.304754481683553;22.683210546723537;68.91025641025641;68.01275239107333;22.493224932249323;22.493224932249323;68.28100053219798;68.64;22.493224932249323;22.445820433436534;71.2396694214876;22.445820433436534;22.162162162162165;22.30382682643989;68.19148936170212;71.66123778501628;22.5881441301821;100.0;22.92152292152292;22.635658914728683;22.635658914728683;70.09144701452394;22.96929654100272;22.635658914728683;41.186970102632756;67.83439490445859;22.873786407766993;55.00000000000001;22.82608695652174;59.302921578677605;59.058341862845445;59.54825462012321;22.445820433436534;23.256719906505648;41.93254329990884;21.319018404907975;24.858984689766316;20.491803278688526;22.635658914728683;20.751138088012137;20.887035633055344;22.381852551984878;41.224489795918366;24.059247397918334;21.973785659213572;40.07936507936508;22.39845261121857;24.77245745943807;24.858984689766316;41.03260869565217;21.879815100154083;22.321083172147002;22.683210546723537;20.685714285714283;22.445820433436534
[Methanosarcina_horonobensis_HB-1_JCM_15518]_24832936;53.99330463892874;50.39701074264362;69.20651602732526;80.29115341545354;38.155668358714045;20.54845980465815;71.00371747211895;80.49327354260089;69.92084432717678;68.67469879518072;22.218002278769465;22.17160212604404;76.72886937431394;76.72886937431394;22.357414448669203;22.218002278769465;76.34173055859803;80.69584736251403;23.160762942779293;80.69584736251403;80.29115341545354;80.69584736251403;22.824427480916032;23.295019157088124;80.08948545861297;22.92152292152292;100.0;69.20651602732526;70.10036978341257;22.4971450323563;72.1004810261892;70.10036978341257;21.417797888386122;21.94012883668056;78.88888888888889;20.25411061285501;78.98832684824903;22.873786407766993;22.873786407766993;22.683210546723537;77.60617760617761;70.01055966209081;21.223709369024856;55.63073948767521;23.338545738858482;21.761658031088082;70.10036978341257;19.829818719940807;21.172516803584767;21.066176470588236;21.131066106228506;22.954014029618083;54.214559386973185;21.35885885885886;52.60663507109005;21.82991647684131;22.906116088819633;21.177370030581038;55.25554484088717;57.05222059541239;68.67469879518072;50.303030303030305;80.69584736251403
[Methanosarcina_barkeri_str._Wiesmoor]_24824795;54.28845232390992;50.04659832246039;100.0;69.47368421052632;37.68971332209106;19.962616822429908;76.82591982427238;69.38453445554971;90.75829383886256;74.8099891422367;22.078907435508345;22.17160212604404;68.1462140992167;68.1462140992167;21.986353297952995;22.264437689969604;68.32200731834814;69.47368421052632;22.39845261121857;69.47368421052632;69.56292785676672;69.29547844374343;22.543792840822544;22.264437689969604;70.91295116772824;22.635658914728683;69.20651602732526;100.0;90.98457888493475;21.893939393939394;84.84500574052812;90.98457888493475;22.2011385199241;21.986353297952995;69.92084432717678;20.434131736526943;69.83122362869199;22.162162162162165;22.683210546723537;23.11284046692607;68.58638743455498;91.21140142517815;21.502491376006134;55.932203389830505;23.290347792106292;21.491875923190545;90.98457888493475;20.45370026031982;21.217781098244302;20.27027027027027;21.689059500959694;23.290347792106292;54.73330129745315;21.13150992881229;52.46212121212122;21.968833143291526;23.145979703356755;21.362940275650843;54.73330129745315;57.12890625;74.90494296577947;50.513538748832865;69.47368421052632
[Methanosarcina_barkeri_MS]_24843712;54.95668912415784;48.79852125693161;90.98457888493475;69.02887139107612;37.74778574441164;19.783501306457634;76.14879649890591;68.85159937073938;89.74661166764879;74.14818820984316;22.125237191650854;22.17160212604404;69.11764705882352;69.11764705882352;21.986353297952995;22.17160212604404;68.9401888772298;69.11764705882352;22.351121423047175;69.11764705882352;69.02887139107612;68.85159937073938;22.264437689969604;22.17160212604404;70.82228116710876;22.635658914728683;70.10036978341257;90.98457888493475;100.0;21.893939393939394;84.63302752293578;100.0;21.877365632096897;21.94012883668056;70.28027498677947;20.3890759446315;70.19027484143763;22.067901234567902;22.351121423047175;22.873786407766993;68.41004184100419;89.85849056603774;21.362940275650843;55.63073948767521;22.906116088819633;21.178637200736645;100.0;20.588235294117645;20.54234769687964;20.182481751824817;21.642363775901767;23.145979703356755;54.65898174831892;20.905011219147347;53.041825095057035;21.968833143291526;22.52427184466019;21.31649445082281;55.18072289156627;56.66991236611489;74.14818820984316;49.883774988377496;69.11764705882352
[Methanosarcina_acetivorans_C2A]_1472749;21.388155413051678;20.119447555057857;21.893939393939394;21.801665404996214;19.298245614035086;21.523304281924972;22.310908399847968;21.525679758308158;22.63719512195122;22.310908399847968;83.98169336384439;84.19243986254295;22.4971450323563;22.4971450323563;82.31292517006803;84.0870062965083;22.450532724505326;21.94012883668056;89.34131736526946;21.94012883668056;21.479803699509247;21.663516068052928;71.97860962566844;74.49810092240912;22.683949675943577;70.09144701452394;22.4971450323563;21.893939393939394;21.893939393939394;100.0;22.310908399847968;21.893939393939394;40.954883924660535;73.36927223719677;22.543792840822544;59.20792079207921;22.590476190476192;61.079979623025984;60.670731707317074;59.6163553760727;22.4971450323563;22.543792840822544;39.867549668874176;21.296645307199398;24.723101265822788;21.149594694178333;21.893939393939394;20.693512304250557;20.647321428571427;22.433035714285715;39.62097840458352;23.260359655981237;21.068472535741158;38.37259100642398;20.931980458474257;24.834565978980148;24.871287128712872;39.74415527128363;21.34238310708899;21.6338880484115;22.357414448669203;20.71937055076808;21.94012883668056
[Methanosarcina_barkeri_3]_24789380;54.36241610738255;49.35064935064935;84.84500574052812;70.10036978341257;37.400084139671854;19.783501306457634;75.95628415300546;70.10036978341257;85.16388729154687;74.33676231727125;22.590476190476192;22.590476190476192;69.56292785676672;69.56292785676672;22.683949675943577;22.590476190476192;69.38453445554971;70.28027498677947;22.778424524641057;70.28027498677947;70.19027484143763;70.19027484143763;23.01223241590214;22.77756581457459;71.82497331910352;22.96929654100272;72.1004810261892;84.84500574052812;84.63302752293578;22.310908399847968;100.0;84.63302752293578;22.15477996965099;22.310908399847968;71.36774880255456;20.795795795795797;71.18553960659224;22.540666150271107;23.20872274143302;23.304754481683553;70.01055966209081;85.16388729154687;21.7357910906298;55.78132559264635;23.00194931773879;21.536756557074252;84.63302752293578;19.564414913252122;21.217781098244302;20.27027027027027;21.642363775901767;23.145979703356755;54.066985645933016;21.450037565740047;53.18744053282588;21.922492401215806;22.52427184466019;21.923076923076923;55.10597302504817;55.60928433268859;74.33676231727125;49.32839277443261;70.28027498677947
[Methanosarcina_barkeri_227]_24800853;54.95668912415784;48.79852125693161;90.98457888493475;69.02887139107612;37.74778574441164;19.783501306457634;76.14879649890591;68.85159937073938;89.74661166764879;74.14818820984316;22.125237191650854;22.17160212604404;69.11764705882352;69.11764705882352;21.986353297952995;22.17160212604404;68.9401888772298;69.11764705882352;22.351121423047175;69.11764705882352;69.02887139107612;68.85159937073938;22.264437689969604;22.17160212604404;70.82228116710876;22.635658914728683;70.10036978341257;90.98457888493475;100.0;21.893939393939394;84.63302752293578;100.0;21.877365632096897;21.94012883668056;70.28027498677947;20.3890759446315;70.19027484143763;22.067901234567902;22.351121423047175;22.873786407766993;68.41004184100419;89.85849056603774;21.362940275650843;55.63073948767521;22.906116088819633;21.178637200736645;100.0;20.588235294117645;20.54234769687964;20.182481751824817;21.642363775901767;23.145979703356755;54.65898174831892;20.905011219147347;53.041825095057035;21.968833143291526;22.52427184466019;21.31649445082281;55.18072289156627;56.66991236611489;74.14818820984316;49.883774988377496;69.11764705882352
[Methanococcoides_methylutens_MM1]_24894637;21.234939759036145;20.46389824167602;22.2011385199241;21.6012084592145;18.290474465773272;20.639097744360903;21.78517397881997;21.417797888386122;21.46359864202188;21.73913043478261;41.26426690079016;41.0784743533538;21.73913043478261;21.73913043478261;41.14035087719298;41.14035087719298;21.92351382052253;21.46359864202188;40.62222222222222;21.46359864202188;21.372031662269126;21.32629992464205;42.075055187637965;41.88712522045856;22.062168309325248;41.186970102632756;21.417797888386122;22.2011385199241;21.877365632096897;40.954883924660535;22.15477996965099;21.877365632096897;100.0;40.893169877408056;21.96969696969697;35.49473684210526;21.877365632096897;40.684748777234326;40.06197432492253;40.248226950354606;21.052631578947366;21.6012084592145;43.633892161304935;21.098157201955622;24.16371507280598;18.473172488296726;21.877365632096897;19.652752124122642;19.74169741697417;20.711143695014663;46.963375057950856;23.483365949119374;21.92351382052253;44.13731609451627;22.293961260919104;23.423076923076923;23.483365949119374;59.45674044265593;20.87087087087087;21.801665404996214;21.693121693121693;21.385542168674696;21.46359864202188
[Methanosarcina_sp._WWM596]_24836377;21.663516068052928;20.344053851907255;21.986353297952995;21.159638554216865;19.21110299488678;20.700037636432068;21.663516068052928;21.068472535741158;22.078907435508345;21.709531013615734;71.42857142857143;71.7948717948718;21.709531013615734;21.709531013615734;71.33724027703782;72.1627408993576;21.75558077941733;21.20527306967985;70.36637931034483;21.20527306967985;21.022940955246334;21.114038389160708;75.06804572672836;78.27050997782705;22.125237191650854;67.83439490445859;21.94012883668056;21.986353297952995;21.94012883668056;73.36927223719677;22.310908399847968;21.94012883668056;40.893169877408056;100.0;22.310908399847968;76.0262725779967;22.357414448669203;59.21450151057401;58.814665996986434;58.099999999999994;21.801665404996214;22.032612817595755;39.92932862190813;21.479803699509247;24.133858267716533;20.572057205720572;21.94012883668056;20.424107142857142;20.155613190070394;22.478600669892074;39.130434782608695;23.987416437278807;21.479803699509247;40.356211989574284;21.114038389160708;24.640497473766032;24.575266693006718;40.363314133805936;21.893939393939394;21.6338880484115;21.75558077941733;20.71937055076808;21.20527306967985
