[Pecten_maximus]_117344380;100.0;53.46666666666666;53.739982190560994;57.931034482758626;56.9926873857404;57.56880733944955;34.701195219123505;54.44743935309974;54.70008952551477
[Octopus_vulgaris]_115211286;53.46666666666666;100.0;94.16713404374649;52.86284953395472;52.72727272727272;51.91883546537274;36.473429951690825;57.397260273972606;56.08108108108109
[Octopus_bimaculoides]_106868146;53.739982190560994;94.16713404374649;100.0;52.86284953395472;52.72727272727272;51.71806167400881;36.08992372541148;57.32542218165222;56.50406504065041
[Crassostrea_virginica]_111113292;57.931034482758626;52.86284953395472;52.86284953395472;100.0;95.65962307252998;72.1608040201005;34.93397358943577;53.148727110317104;54.43548387096774
[Crassostrea_virginica]_111112302;56.9926873857404;52.72727272727272;52.72727272727272;95.65962307252998;100.0;72.33400402414487;35.09615384615385;52.87561301827909;54.02144772117963
[Crassostrea_gigas]_105348623;57.56880733944955;51.91883546537274;51.71806167400881;72.1608040201005;72.33400402414487;100.0;35.42168674698795;52.46776345042241;53.2
[Biomphalaria_glabrata]_106060674;34.701195219123505;36.473429951690825;36.08992372541148;34.93397358943577;35.09615384615385;35.42168674698795;100.0;38.88888888888889;37.70292207792208
[Biomphalaria_glabrata]_106051568;54.44743935309974;57.397260273972606;57.32542218165222;53.148727110317104;52.87561301827909;52.46776345042241;38.88888888888889;100.0;62.12406015037594
[Aplysia_californica]_101862343;54.70008952551477;56.08108108108109;56.50406504065041;54.43548387096774;54.02144772117963;53.2;37.70292207792208;62.12406015037594;100.0
